// PRIMARE BD32 ------------------------------------------
  if(comando == 'a'){
    Serial.println("PRIMARE ON/OFF");
    int lenData = 23;
    unsigned int rawData[lenData] = {900,800, 900,800, 850,800, 900,800, 900,800, 850,800, 1750,750, 950,750, 900,1650, 850,800, 1700,800, 900};
    trasmIr(lenData, rawData[lenData], freq_ir, 1);     
  }
  
  if(comando == 'b'){
    Serial.println("PRIMARE PLAY");
    int lenData = 21;
    unsigned int rawData[lenData] = {900,800, 850,800, 900,800, 900,800, 850,800, 900,800, 1650,1650, 950,750, 1700,1700, 1700,1650, 850};
    trasmIr(lenData, rawData[lenData], freq_ir, 1);        
  }
  
  if(comando == 'c'){
    Serial.println("PRIMARE STOP");
    int lenData = 21;
    unsigned int rawData[lenData] = {850,800, 850,850, 850,850, 800,850, 850,800, 900,850, 1650,1650, 850,850, 1650,1700, 850,850, 1650};
    trasmIr(lenData, rawData[lenData], freq_ir, 1);       
  }   
// --------------------------------------------------------

// TV PANASONIC -------------------------------------------
  if(comando == 'h'){
    Serial.println("TV ON/OFF");
    int lenData = 99;
    unsigned int rawData[lenData] = {3450,1650, 500,350, 500,1200, 500,350, 500,400, 450,400, 450,400, 450,400, 450,400, 500,350, 500,350, 500,350, 500,350, 500,400, 450,1250, 450,400, 450,400, 450,400, 450,400, 500,350, 500,350, 500,350, 500,400, 450,400, 450,1250, 450,400, 400,450, 450,400, 450,400, 500,350, 500,350, 500,350, 400,500, 450,1250, 450,400, 450,1200, 400,1350, 350,1300, 500,1200, 400,500, 350,500, 400,1300, 400,450, 400,1250, 450,1300, 400,1300, 400,1300, 350,500, 400,1300, 400};
    trasmIr(lenData, rawData[lenData], freq_ir, 3);       
  } 

  if(comando == 'i'){
    Serial.println("TV VOL +");
    int lenData = 99;
    unsigned int  rawData[99] = {3450,1650, 500,350, 550,1150, 550,300, 500,350, 550,300, 550,350, 500,350, 500,350, 500,350, 550,300, 550,350, 500,300, 550,350, 500,1200, 500,300, 550,350, 500,350, 500,350, 550,300, 550,350, 500,300, 550,350, 500,300, 550,1200, 500,350, 500,350, 500,350, 500,350, 550,350, 500,300, 550,350, 500,350, 500,350, 500,350, 500,350, 500,350, 550,350, 500,1200, 450,400, 450,350, 550,300, 550,350, 500,350, 500,350, 500,350, 550,1150, 500,350, 550,1150, 550};
    trasmIr(lenData, rawData[lenData], freq_ir, 1);       
  } 

  if(comando == 'l'){
    Serial.println("TV VOL -");
    int lenData = 99;
    unsigned int  rawData[99] = {3500,1600, 500,350, 550,1150, 550,350, 500,350, 500,350, 450,400, 500,350, 500,350, 500,350, 500,350, 550,350, 500,350, 500,350, 500,1200, 500,350, 500,350, 500,350, 500,350, 500,350, 550,350, 500,300, 550,300, 550,350, 500,1200, 500,350, 500,350, 500,350, 500,350, 550,350, 500,350, 500,350, 450,400, 500,1200, 500,350, 500,350, 500,350, 500,350, 500,1200, 500,350, 500,400, 450,1250, 500,350, 450,350, 550,350, 500,350, 500,1200, 500,350, 500,1200, 500};
    trasmIr(lenData, rawData[lenData], freq_ir, 1);       
  }     
// -------------------------------------------------------- 